0.125 0.1 0.3 0 0 0 1 0.25 0.25 0 0 0 0 0 0 0 0 0.125 0.125
0 0.12 0.0 0.25 0 0.08 0.01 0.07 0 0 0 0 0 0 0 0.09 0 0.125 0.125
0.125 0.2 0.25 0 0 0.25 0.04 0.25 0 0 0 0 0 0 0 0.25 0 0.125 0.125
0 0 0 0 0 0 0 0 0.25 0 0 0 0 0 0 0 0 0 0.125
0 0 0 0 0 0 0 0 0.4 0 0 0 0 0 0 0 0 0 0.25
0.25 0 0 0 0 0 0 0 0 0 0 0 0 0 0 0 0 0 0.125
0.3 0 0 0 0 0 0 0 0 0 0 0 0 0 0 0 0 0 0.25
0.3 0 0 0 0 0 0 0 0 0 0 0 0 0 0 0 0 0 0.3
0 0 0 0 0 0 0 0 0 0.125 0.125 0.5 0.12 0.09 0.05 0 0 0 0
0 0 0 0 0 0 0 0 0 0.25 0.125 0.125 0.012 0.09 0.05 0 0 0 0
0 0 0 0 0 0 0 0 0 0.25 0.15 0.25 0.12 0.09 0.5 0 0 0 0
0 0 0 0 0 0 0 0 0 0.25 0.0125 0.125 0.012 0.009 0.05 0 0 0 0
0.1 0.2 0.03 0 0 0 0.01 0.05 0.09 0 0 0 0 0 0 0 0 0 0.125
0.1 0.25 0.03 0 0 0 0.01 0.08 0.07 0 0 0 0 0 0 0 0 0 0.125
0.1 0.2 0.03 0 0 0 0.01 0.05 0.09 0 0 0 0 0 0 0 0 0 0.125
0.1 0.25 0.03 0 0 0 0.01 0.08 0.07 0 0 0 0 0 0 0 0 0 0.125
0.1 0.2 0.03 0 0 0 0.01 0.05 0.09 0 0 0 0 0 0 0 0 0 0.125
0 0 0 0 0 0 0 0 0 0.25 0.0125 0.125 0.012 0.009 0.05 0 0 0 0
.1 .2 0 0 0 0 0 0 0 0 0 0 0 0 0 0 0 0 .1
0.1 0.3 0 0 0 0 0 0 0 0 0 0 0 0 0 0 0 .3 .5
